19.0000000 5.4852814 5.4852814 0.0000000
18.0000000 5.4852814 5.4852814 0.0000000
17.0000000 5.4852814 5.4852814 0.0000000
16.0000000 5.4852814 5.4852814 0.0000000
15.0000000 5.4852814 5.4852814 0.0000000
14.0000000 21.0416306 5.4852814 0.0000000
13.0000000 5.4852814 5.4852814 0.0000000
12.0000000 5.4852814 5.4852814 0.0000000
11.0000000 5.4852814 5.4852814 0.0000000
10.0000000 5.4852814 5.4852814 0.0000000
9.5248309 4.1242704 8.1280398 40.0000000
9.6469005 3.5704633 1e9 40.0000000
7.7463229 3.5466479 7.8929344 40.0000000
6.6268020 4.0105013 1e9 30.0000000
6.1799772 4.7888799 6.6936805 30.0000000
6.1564915 5.3394017 6.6607268 30.0000000
6.4501195 7.6172972 7.0633760 30.0000000
7.4501195 8.7408065 6.7726718 0.0000000
8.4501195 9.8643158 6.4819675 0.0000000
9.4501195 10.9878251 6.1912633 0.0000000
10.4501195 12.1113344 5.9005590 0.0000000
11.4501195 11.6206766 5.6098548 0.0000000
12.4501195 11.1270222 2.6069626 0.0000000
13.4501195 10.6333678 2.8976669 0.0000000
14.4501195 10.1397134 3.1883711 0.0000000
15.4501195 9.6460589 3.4790754 0.0000000
14.7354553 9.1524045 3.7697796 0.0000000
13.7354553 8.6587501 3.8656292 0.0000000
12.7354553 8.1650957 4.3511881 0.0000000
11.7354553 7.6714412 4.6418924 0.0000000
10.7354553 7.1777868 4.9325967 0.0000000
9.7354553 6.6841324 5.2233009 0.0000000
8.7354553 6.1904779 5.5140052 0.0000000
7.7354553 5.6968235 5.8047094 0.0000000
6.7354553 5.2031691 6.0954137 0.0000000
6.7352182 6.1365910 24.9191024 -40.0000000
7.3310984 5.0405954 5.4179944 -40.0000000
8.1375574 4.3460699 5.9437539 -30.0000000
8.7016948 3.8230444 6.7917607 -20.0000000
8.7906691 3.4575497 16.9855131 -20.0000000
12.6382537 3.2533440 12.7204763 -20.0000000
17.8701619 3.2266175 7.7714074 -20.0000000
10.1577247 3.4105351 5.6389678 -20.0000000
11.0456974 3.5219724 4.8014347 -10.0000000
11.9781735 3.7454883 4.1797501 -10.0000000
12.9781735 3.7027195 4.1342279 0.0000000
13.9781735 3.6599507 4.0887057 0.0000000
14.9781735 3.6171819 4.0431835 0.0000000
15.9781735 3.5744130 3.9976613 0.0000000
16.9781735 3.5316442 3.9521391 0.0000000
16.0412722 3.4888754 3.9066169 0.0000000
15.0412722 3.4461066 3.8610947 0.0000000
14.0412722 3.4033378 3.8155725 0.0000000
13.0412722 3.3605689 3.7700503 0.0000000
12.0412722 3.3178001 3.7245281 0.0000000
11.0412722 3.2750313 3.6790059 0.0000000
10.0412722 3.2322625 3.6334837 0.0000000
9.0412722 3.1894937 3.5879615 0.0000000
