19.0000000 5.4852814 5.4852814 0.0000000
18.0000000 5.4852814 5.4852814 0.0000000
17.0000000 5.4852814 5.4852814 0.0000000
16.0000000 5.4852814 5.4852814 0.0000000
15.0000000 5.4852814 5.4852814 0.0000000
14.0000000 21.0416306 5.4852814 0.0000000
13.0000000 5.4852814 5.4852814 0.0000000
12.0000000 5.4852814 5.4852814 0.0000000
11.0000000 5.4852814 5.4852814 0.0000000
10.0000000 5.4852814 5.4852814 0.0000000
9.5248309 4.1242704 8.1280398 40.0000000
9.6469005 3.5704633 1e9 40.0000000
7.7463229 3.5466479 7.8929344 40.0000000
6.1374565 3.9684205 1e9 40.0000000
5.5386465 4.8676884 7.1164364 40.0000000
5.5257169 2.4871060 7.6805766 40.0000000
5.9578950 1.3492176 10.4670870 40.0000000
6.9578950 1.4383803 11.9704633 0.0000000
7.9578950 1.5275431 13.4738396 0.0000000
8.9578950 1.6167058 15.1672167 0.0000000
9.9578950 1.7058685 13.6638404 0.0000000
10.9578950 1.7950313 12.1604641 0.0000000
11.9578950 1.8841940 1.3372836 0.0000000
12.9578950 1.9733567 1.4164623 0.0000000
13.9578950 2.0625195 1.4956410 0.0000000
14.9578950 2.1516822 1.5748196 0.0000000
14.1053641 2.2408450 1.6539983 0.0000000
13.1053641 2.3300077 1.7331770 0.0000000
12.1053641 2.4191704 1.8123557 0.0000000
11.1053641 2.5083332 1.8915344 0.0000000
10.1053641 2.5974959 1.9707131 0.0000000
9.1053641 2.6866587 2.0498918 0.0000000
8.1053641 2.7758214 2.1290705 0.0000000
7.7246726 4.9458259 1.4468879 -40.0000000
7.8685238 7.0144864 1.2723298 -40.0000000
8.7173036 5.9358673 1e9 -40.0000000
3.2045474 5.4054791 1.9947517 -40.0000000
3.1203505 5.3821480 8.9472542 -40.0000000
31.5482368 5.9565569 4.4259925 -40.0000000
4.0023617 6.9028348 4.0677279 -40.0000000
5.0023617 7.4354840 3.5350788 0.0000000
6.0023617 7.4354840 3.5350788 0.0000000
7.0023617 7.4354840 3.5350788 0.0000000
8.0023617 7.4354840 3.5350788 0.0000000
9.0023617 7.4354840 3.5350788 0.0000000
10.0023617 7.4354840 3.5350788 0.0000000
11.0023617 7.4354840 3.5350788 0.0000000
12.0023617 7.4354840 3.5350788 0.0000000
13.0023617 7.4354840 3.5350788 0.0000000
14.0023617 3.5350788 3.5350788 0.0000000
15.0023617 3.5350788 3.5350788 0.0000000
16.0023617 3.5350788 3.5350788 0.0000000
16.9976383 3.5350788 3.5350788 0.0000000
15.9976383 3.5350788 3.5350788 0.0000000
14.9976383 3.5350788 3.5350788 0.0000000
13.9976383 3.5350788 3.5350788 0.0000000
12.9976383 3.5350788 3.5350788 0.0000000
11.9976383 3.5350788 3.5350788 0.0000000
10.9976383 3.5350788 3.5350788 0.0000000
9.9976383 3.5350788 3.5350788 0.0000000
