19.0000000 5.4852814 5.4852814 0.0000000
18.0000000 5.4852814 5.4852814 0.0000000
17.0000000 5.4852814 5.4852814 0.0000000
16.0000000 5.4852814 5.4852814 0.0000000
15.0000000 5.4852814 5.4852814 0.0000000
14.0000000 21.0416306 5.4852814 0.0000000
13.0000000 5.4852814 5.4852814 0.0000000
12.0000000 5.4852814 5.4852814 0.0000000
11.0000000 5.4852814 5.4852814 0.0000000
10.0000000 5.4852814 5.4852814 0.0000000
9.5248309 4.1242704 8.1280398 40.0000000
9.6469005 3.5704633 1e9 40.0000000
7.7463229 3.5466479 7.8929344 40.0000000
6.6268020 4.0105013 1e9 30.0000000
6.1799772 4.7888799 6.6936805 30.0000000
6.1564915 5.3394017 6.6607268 30.0000000
6.4501195 7.6172972 7.0633760 30.0000000
7.1564292 2.9164780 7.5686538 20.0000000
7.9925432 2.3579974 12.9393206 20.0000000
8.9803170 2.0921217 9.1215001 10.0000000
9.9803170 2.0466203 9.1701307 0.0000000
10.9803170 2.0011190 9.2187614 0.0000000
11.9803170 1.9556177 9.2673921 0.0000000
12.9803170 1.9101163 2.4388352 0.0000000
13.9803170 1.8646150 3.8075474 0.0000000
14.9803170 1.8191136 5.1762596 0.0000000
14.0395703 1.7736123 6.5449718 0.0000000
13.0395703 1.7281109 7.9136840 0.0000000
12.0395703 1.6826096 9.2823962 0.0000000
11.0395703 1.6371082 10.6511085 0.0000000
10.0395703 1.5916069 12.0198207 0.0000000
9.0395703 1.5461055 13.3885329 0.0000000
8.0395703 1.5006042 12.1099948 0.0000000
7.4416465 2.7525982 0.9583493 -40.0000000
5.7594206 6.0144277 22.2250936 -40.0000000
3.9663060 5.9303377 34.1536155 -30.0000000
7.7504030 4.9962610 32.8474328 -30.0000000
3.0981330 4.3915406 1.8126817 -30.0000000
11.1320811 4.0865155 2.6857017 -30.0000000
3.7879066 3.8886366 3.8137786 -20.0000000
4.4297344 3.8767911 9.2639335 -20.0000000
5.1612693 4.0850021 6.8034665 -20.0000000
6.0767262 4.2054004 5.8428610 -10.0000000
27.0191816 4.4398207 5.1213128 -10.0000000
7.9945300 4.8085294 4.5906388 -10.0000000
9.0093084 5.3390421 4.2161347 -10.0000000
10.0093084 5.4490755 4.3113513 0.0000000
11.0093084 5.5591088 4.4065679 0.0000000
12.0093084 5.6691422 4.5017846 0.0000000
13.0093084 5.7791755 4.5970012 0.0000000
14.0093084 5.8892089 4.6922178 0.0000000
15.0093084 5.9992422 4.7874344 0.0000000
16.0093084 6.1092755 4.8826511 0.0000000
17.0093084 6.1192511 4.8912833 0.0000000
16.0947802 6.0092177 4.7960667 0.0000000
15.0947802 5.8991844 4.7008501 0.0000000
14.0947802 5.7891510 4.6056334 0.0000000
13.0947802 5.6791177 4.5104168 0.0000000
12.0947802 5.5690843 4.4152002 0.0000000
11.0947802 5.4590510 4.3199836 0.0000000
10.0947802 5.3490176 4.2247669 0.0000000
9.0947802 5.2389843 4.1295503 0.0000000
